80
80
80
80
80
80
80
80
80
80
80
80
80
80
80
80
80
80
80
80
80
80
80
80
80
80
80
80
80
80
80
80
80
80
80
80
80
80
80
80
80
80
69
69
69
69
69
69
69
69
69
69
69
69
69
69
69
69
69
69
69
69
69
59
59
59
59
59
59
59
59
59
59
59
56
56
56
56
56
56
56
56
56
56
51
51
51
51
51
51
51
51
51
51
50
50
50
50
50
50
50
50
50
50
50
46
46
46
46
46
46
46
46
46
46
46
46
46
46
46
46
46
46
46
46
46
45
45
45
45
45
45
45
45
45
45
45
42
42
42
42
42
42
42
42
42
42
42
42
42
42
42
42
42
42
42
42
45
45
45
45
45
45
45
45
45
45
45
48
48
48
48
48
48
48
48
48
48
48
48
48
48
48
48
48
48
48
48
48
55
55
55
55
55
55
55
55
55
55
59
59
59
59
59
59
59
59
59
59
59
59
59
59
59
59
59
59
59
59
59
59
79
79
79
79
79
79
79
79
79
79
85
85
85
85
85
85
85
85
85
85
85
85
85
85
85
85
85
85
85
85
85
85
85
85
85
85
85
85
85
85
85
89
89
89
89
89
89
89
89
89
89
89
89
89
89
89
89
89
89
89
89
89
89
88
88
88
88
88
88
88
88
88
88
96
96
96
96
96
96
96
96
96
96
91
91
91
91
91
91
91
91
91
91
91
91
91
91
91
91
91
91
91
91
91
87
87
87
87
87
87
87
87
87
87
87
94
94
94
94
94
94
94
94
94
94
91
91
91
91
91
91
91
91
91
91
91
96
96
96
96
96
96
96
96
96
96
102
102
102
102
102
102
102
102
102
102
102
102
102
102
102
102
102
102
102
102
102
102
102
102
102
102
102
102
102
102
102
102
84
84
84
84
84
84
84
84
84
84
84
81
81
81
81
81
81
81
81
81
81
81
77
77
77
77
77
77
77
77
77
77
74
74
74
74
74
74
74
74
74
74
74
74
74
74
74
74
74
74
74
74
74
74
74
74
74
74
74
74
74
74
74
74
63
63
63
63
63
63
63
63
63
63
63
63
63
63
63
63
63
63
63
63
54
54
54
54
54
54
54
54
54
54
54
53
53
53
53
53
53
53
53
53
53
53
50
50
50
50
50
50
50
50
50
50
50
50
50
50
50
50
50
50
50
50
50
47
47
47
47
47
47
47
47
47
47
42
42
42
42
42
42
42
42
42
42
42
42
42
42
42
42
42
42
42
42
42
42
42
42
42
42
42
42
42
42
42
40
40
40
40
40
40
40
40
40
40
40
40
40
40
40
40
40
40
40
40
40
40
44
44
44
44
44
44
44
44
44
44
48
48
48
48
48
48
48
48
48
48
48
53
53
53
53
53
53
53
53
53
53
53
62
62
62
62
62
62
62
62
62
62
62
67
67
67
67
67
67
67
67
67
67
67
67
67
67
67
67
67
67
67
67
78
78
78
78
78
78
78
78
78
78
78
82
82
82
82
82
82
82
82
82
82
82
85
85
85
85
85
85
85
85
85
85
85
85
85
85
85
85
85
85
85
85
85
95
95
95
95
95
95
95
95
95
95
95
95
95
95
95
95
95
95
95
95
89
89
89
89
89
89
89
89
89
89
89
97
97
97
97
97
97
97
97
97
97
93
93
93
93
93
93
93
93
93
93
93
90
90
90
90
90
90
90
90
90
90
90
94
94
94
94
94
94
94
94
94
94
105
105
105
105
105
105
105
105
105
105
105
105
105
105
105
105
105
105
105
105
105
112
112
112
112
112
112
112
112
112
112
84
84
84
84
84
84
84
84
84
84
74
74
74
74
74
74
74
74
74
74
74
84
84
84
84
84
84
84
84
84
84
84
89
89
89
89
89
89
89
89
89
89
89
89
89
89
89
89
89
89
89
89
89
84
84
84
84
84
84
84
84
84
84
73
73
73
73
73
73
73
73
73
73
67
67
67
67
67
67
67
67
67
67
62
62
62
62
62
62
62
62
62
62
62
59
59
59
59
59
59
59
59
59
59
59
59
59
59
59
59
59
59
59
59
59
54
54
54
54
54
54
54
54
54
54
50
50
50
50
50
50
50
50
50
50
50
46
46
46
46
46
46
46
46
46
46
46
44
44
44
44
44
44
44
44
44
44
43
43
43
43
43
43
43
43
43
43
43
43
43
43
43
43
43
43
43
43
43
43
43
43
43
43
43
43
43
43
43
43
43
43
43
43
43
43
43
43
43
43
52
52
52
52
52
52
52
52
52
52
52
52
52
52
52
52
52
52
52
52
52
59
59
59
59
59
59
59
59
59
59
59
59
59
59
59
59
59
59
59
59
59
72
72
72
72
72
72
72
72
72
72
72
76
76
76
76
76
76
76
76
76
76
90
90
90
90
90
90
90
90
90
90
90
90
90
90
90
90
90
90
90
90
90
92
92
92
92
92
92
92
92
92
92
92
93
93
93
93
93
93
93
93
93
93
93
93
93
93
93
93
93
93
93
93
93
93
93
93
93
93
93
93
93
93
93
93
93
90
90
90
90
90
90
90
90
90
90
94
94
94
94
94
94
94
94
94
94
94
89
89
89
89
89
89
89
89
89
89
89
94
94
94
94
94
94
94
94
94
94
94
94
94
94
94
94
94
94
94
94
94
94
94
94
94
94
94
94
94
94
94
94
94
94
94
94
94
94
94
94
94
94
98
98
98
98
98
98
98
98
98
98
88
88
88
88
88
88
88
88
88
88
88
87
87
87
87
87
87
87
87
87
87
87
87
87
87
87
87
87
87
87
87
85
85
85
85
85
85
85
85
85
85
85
83
83
83
83
83
83
83
83
83
83
83
79
79
79
79
79
79
79
79
79
79
71
71
71
71
71
71
71
71
71
71
71
68
68
68
68
68
68
68
68
68
68
68
68
68
68
68
68
68
68
68
68
68
62
62
62
62
62
62
62
62
62
62
62
58
58
58
58
58
58
58
58
58
54
54
54
54
54
54
54
54
54
54
54
51
51
51
51
51
51
51
51
51
51
51
44
44
44
44
44
44
44
44
44
44
44
44
44
44
44
44
44
44
44
44
44
44
44
44
44
44
44
44
44
44
42
42
42
42
42
42
42
42
42
42
42
45
45
45
45
45
45
45
45
45
45
45
52
52
52
52
52
52
52
52
52
52
61
61
61
61
61
61
61
61
61
61
61
72
72
72
72
72
72
72
72
72
72
72
72
72
72
72
72
72
72
72
72
72
76
76
76
76
76
76
76
76
76
76
76
87
87
87
87
87
87
87
87
87
87
90
90
90
90
90
90
90
90
90
90
90
90
90
90
90
90
90
90
90
90
90
90
95
95
95
95
95
95
95
95
95
95
95
95
95
95
95
95
95
95
95
95
96
96
96
96
96
96
96
96
96
96
96
101
101
101
101
101
101
101
101
101
101
101
101
101
101
101
101
101
101
101
101
101
94
94
94
94
94
94
94
94
94
94
89
89
89
89
89
89
89
89
89
89
89
89
89
89
89
89
89
89
89
89
89
97
97
97
97
97
97
97
97
97
97
97
93
93
93
93
93
93
93
93
93
93
102
102
102
102
102
102
102
102
102
102
102
102